lat: 50.503887
lng: 4.469936
